0.019608 0.188235 0.380392
0.023914 0.19654 0.391926
0.02822 0.204844 0.40346
0.032526 0.213149 0.414994
0.036832 0.221453 0.426528
0.041138 0.229758 0.438062
0.045444 0.238062 0.449596
0.04975 0.246367 0.46113
0.054056 0.254671 0.472664
0.058362 0.262976 0.484198
0.062668 0.27128 0.495732
0.066974 0.279585 0.507266
0.07128 0.287889 0.5188
0.075586 0.296194 0.530335
0.079892 0.304498 0.541869
0.084198 0.312803 0.553403
0.088504 0.321107 0.564937
0.09281 0.329412 0.576471
0.097116 0.337716 0.588005
0.101423 0.346021 0.599539
0.105729 0.354325 0.611073
0.110035 0.36263 0.622607
0.114341 0.370934 0.634141
0.118647 0.379239 0.645675
0.122953 0.387543 0.657209
0.127259 0.395848 0.668743
0.132026 0.40346 0.676278
0.137255 0.410381 0.679815
0.142484 0.417301 0.683353
0.147712 0.424221 0.68689
0.152941 0.431142 0.690427
0.15817 0.438062 0.693964
0.163399 0.444983 0.697501
0.168627 0.451903 0.701038
0.173856 0.458824 0.704575
0.179085 0.465744 0.708112
0.184314 0.472664 0.711649
0.189542 0.479585 0.715186
0.194771 0.486505 0.718724
0.2 0.493426 0.722261
0.205229 0.500346 0.725798
0.210458 0.507266 0.729335
0.215686 0.514187 0.732872
0.220915 0.521107 0.736409
0.226144 0.528028 0.739946
0.231373 0.534948 0.743483
0.236601 0.541869 0.74702
0.24183 0.548789 0.750557
0.247059 0.555709 0.754095
0.252288 0.56263 0.757632
0.257516 0.56955 0.761169
0.262745 0.576471 0.764706
0.274894 0.58416 0.768858
0.287043 0.591849 0.77301
0.299193 0.599539 0.777163
0.311342 0.607228 0.781315
0.323491 0.614917 0.785467
0.33564 0.622607 0.789619
0.347789 0.630296 0.793772
0.359939 0.637985 0.797924
0.372088 0.645675 0.802076
0.384237 0.653364 0.806228
0.396386 0.661053 0.810381
0.408535 0.668743 0.814533
0.420684 0.676432 0.818685
0.432834 0.684122 0.822837
0.444983 0.691811 0.82699
0.457132 0.6995 0.831142
0.469281 0.70719 0.835294
0.48143 0.714879 0.839446
0.493579 0.722568 0.843599
0.505729 0.730258 0.847751
0.517878 0.737947 0.851903
0.530027 0.745636 0.856055
0.542176 0.753326 0.860208
0.554325 0.761015 0.86436
0.566474 0.768704 0.868512
0.577393 0.77501 0.871972
0.587082 0.779931 0.87474
0.59677 0.784852 0.877509
0.606459 0.789773 0.880277
0.616148 0.794694 0.883045
0.625836 0.799616 0.885813
0.635525 0.804537 0.888581
0.645213 0.809458 0.891349
0.654902 0.814379 0.894118
0.664591 0.8193 0.896886
0.674279 0.824221 0.899654
0.683968 0.829143 0.902422
0.693656 0.834064 0.90519
0.703345 0.838985 0.907958
0.713033 0.843906 0.910727
0.722722 0.848827 0.913495
0.732411 0.853749 0.916263
0.742099 0.85867 0.919031
0.751788 0.863591 0.921799
0.761476 0.868512 0.924567
0.771165 0.873433 0.927336
0.780854 0.878354 0.930104
0.790542 0.883276 0.932872
0.800231 0.888197 0.93564
0.809919 0.893118 0.938408
0.819608 0.898039 0.941176
0.825452 0.900807 0.942253
0.831296 0.903576 0.943329
0.83714 0.906344 0.944406
0.842983 0.909112 0.945483
0.848827 0.91188 0.946559
0.854671 0.914648 0.947636
0.860515 0.917416 0.948712
0.866359 0.920185 0.949789
0.872203 0.922953 0.950865
0.878047 0.925721 0.951942
0.883891 0.928489 0.953018
0.889735 0.931257 0.954095
0.895579 0.934025 0.955171
0.901423 0.936794 0.956248
0.907266 0.939562 0.957324
0.91311 0.94233 0.958401
0.918954 0.945098 0.959477
0.924798 0.947866 0.960554
0.930642 0.950634 0.96163
0.936486 0.953403 0.962707
0.94233 0.956171 0.963783
0.948174 0.958939 0.96486
0.954018 0.961707 0.965936
0.959862 0.964475 0.967013
0.965705 0.967243 0.968089
0.969089 0.966474 0.964937
0.970012 0.962168 0.957555
0.970934 0.957862 0.950173
0.971857 0.953556 0.942791
0.97278 0.94925 0.935409
0.973702 0.944944 0.928028
0.974625 0.940638 0.920646
0.975548 0.936332 0.913264
0.976471 0.932026 0.905882
0.977393 0.92772 0.898501
0.978316 0.923414 0.891119
0.979239 0.919108 0.883737
0.980161 0.914802 0.876355
0.981084 0.910496 0.868973
0.982007 0.90619 0.861592
0.98293 0.901884 0.85421
0.983852 0.897578 0.846828
0.984775 0.893272 0.839446
0.985698 0.888966 0.832065
0.986621 0.88466 0.824683
0.987543 0.880354 0.817301
0.988466 0.876048 0.809919
0.989389 0.871742 0.802537
0.990311 0.867436 0.795156
0.991234 0.86313 0.787774
0.992157 0.858824 0.780392
0.990773 0.850519 0.769781
0.989389 0.842215 0.75917
0.988005 0.83391 0.748558
0.986621 0.825606 0.737947
0.985236 0.817301 0.727336
0.983852 0.808997 0.716724
0.982468 0.800692 0.706113
0.981084 0.792388 0.695502
0.9797 0.784083 0.68489
0.978316 0.775779 0.674279
0.976932 0.767474 0.663668
0.975548 0.75917 0.653057
0.974164 0.750865 0.642445
0.97278 0.742561 0.631834
0.971396 0.734256 0.621223
0.970012 0.725952 0.610611
0.968627 0.717647 0.6
0.967243 0.709343 0.589389
0.965859 0.701038 0.578777
0.964475 0.692734 0.568166
0.963091 0.684429 0.557555
0.961707 0.676125 0.546944
0.960323 0.66782 0.536332
0.958939 0.659516 0.525721
0.957555 0.651211 0.51511
0.954556 0.641753 0.505729
0.949942 0.631142 0.497578
0.945329 0.620531 0.489427
0.940715 0.609919 0.481276
0.936102 0.599308 0.473126
0.931488 0.588697 0.464975
0.926874 0.578085 0.456824
0.922261 0.567474 0.448674
0.917647 0.556863 0.440523
0.913033 0.546251 0.432372
0.90842 0.53564 0.424221
0.903806 0.525029 0.416071
0.899193 0.514418 0.40792
0.894579 0.503806 0.399769
0.889965 0.493195 0.391619
0.885352 0.482584 0.383468
0.880738 0.471972 0.375317
0.876125 0.461361 0.367166
0.871511 0.45075 0.359016
0.866897 0.440138 0.350865
0.862284 0.429527 0.342714
0.85767 0.418916 0.334564
0.853057 0.408305 0.326413
0.848443 0.397693 0.318262
0.843829 0.387082 0.310112
0.839216 0.376471 0.301961
0.833679 0.365398 0.296732
0.828143 0.354325 0.291503
0.822607 0.343253 0.286275
0.81707 0.33218 0.281046
0.811534 0.321107 0.275817
0.805998 0.310035 0.270588
0.800461 0.298962 0.265359
0.794925 0.287889 0.260131
0.789389 0.276817 0.254902
0.783852 0.265744 0.249673
0.778316 0.254671 0.244444
0.77278 0.243599 0.239216
0.767243 0.232526 0.233987
0.761707 0.221453 0.228758
0.756171 0.210381 0.223529
0.750634 0.199308 0.218301
0.745098 0.188235 0.213072
0.739562 0.177163 0.207843
0.734025 0.16609 0.202614
0.728489 0.155017 0.197386
0.722953 0.143945 0.192157
0.717416 0.132872 0.186928
0.71188 0.121799 0.181699
0.706344 0.110727 0.176471
0.700807 0.099654 0.171242
0.692272 0.092272 0.167705
0.680738 0.088581 0.165859
0.669204 0.08489 0.164014
0.65767 0.0812 0.162168
0.646136 0.077509 0.160323
0.634602 0.073818 0.158478
0.623068 0.070127 0.156632
0.611534 0.066436 0.154787
0.6 0.062745 0.152941
0.588466 0.059054 0.151096
0.576932 0.055363 0.14925
0.565398 0.051672 0.147405
0.553864 0.047982 0.145559
0.54233 0.044291 0.143714
0.530796 0.0406 0.141869
0.519262 0.036909 0.140023
0.507728 0.033218 0.138178
0.496194 0.029527 0.136332
0.48466 0.025836 0.134487
0.473126 0.022145 0.132641
0.461592 0.018454 0.130796
0.450058 0.014764 0.12895
0.438524 0.011073 0.127105
0.42699 0.007382 0.12526
0.415456 0.003691 0.123414
0.403922 0 0.121569